
[0;1;37;47mt;;;;;;;tttt%t%tt%ttttt;[0;1;30;47m8[0;5;36;40m [0;1;30;47m8[0;5;36;40m  [0;5;35;40m [0;5;33;40m [0;5;37;40mXXX[0;1;30;47m@88[0;1;30;46m8[0;36;47m8[0;37;46m8[0;36;47m8[0;1;34;46m8[0;36;47m@8[0;1;34;46m8[0;36;47m8[0;37;46m88@88[0;36;47m8[0;1;34;46m8[0;36;47m@[0;37;46m888888[0m
[0;1;37;47m%%%%t%%%%S%S%SSSS%%%%ttt[0;1;30;47m@[0;5;36;40m  [0;5;35;40m%[0;5;30;40mS[0;5;35;40m;[0;5;33;40m:[0;5;37;40mS[0;5;33;40m :[0;1;30;47m88[0;5;35;40m ;.[0;1;34;47m8[0;1;36;47m8[0;1;34;47m8[0;36;47m8[0;5;37;44m8[0;1;36;47m8[0;5;37;44m8[0;36;47m8[0;5;37;44m8[0;1;34;47m8[0;5;37;44m8[0;1;36;47m8[0;5;37;44m8[0;36;47m8[0;1;34;47m888888[0;36;47m8[0m
[0;1;37;47mSSSSSSSXSSXXXXSXXSXSSS%%[0;1;30;47mX[0;5;34;40m8[0;5;30;40m@8[0;5;31;40mX[0;5;33;40m%[0;5;35;40m:[0;5;33;40m%t[0;5;31;40m%[0;1;30;43m8[0;1;37;47m [0;1;33;47mS[0;1;35;47mX[0;1;30;47m8[0;5;37;40m8[0;5;35;40m [0;1;36;47m8[0;5;37;44m8[0;1;36;47m@[0;1;34;47m8[0;36;47m8[0;1;36;47m8[0;1;34;47m8[0;1;36;47m8[0;36;47m8[0;5;37;44m8[0;36;47m8[0;1;36;47m8[0;1;34;47m8[0;36;47m8[0;1;36;47m8[0;37;46m8[0;36;47m8[0;5;37;44m8[0;36;47m8[0m
[0;1;37;47mXXXXXXXXXXX@X@X@X[0;5;37;47m8[0;1;37;47m%XXSSS[0;1;30;45m8[0;5;34;40m@[0;5;30;40m8[0;5;31;40m8[0;5;30;40m8[0;5;35;40mX[0;5;33;40mS[0;5;35;40m [0;33;47mX[0;1;37;47m  [0;5;37;47m8[0;5;37;43m8[0;1;37;47m [0;1;31;47m@[0;5;35;40m S[0;1;30;47m8[0;1;36;47m@[0;1;34;47m8[0;36;47m@[0;1;34;47m88[0;1;36;47m8[0;1;34;47m8[0;36;47m8[0;1;36;47m@[0;1;34;47m8@[0;36;47m8[0;1;34;47m8[0;36;47m8[0;5;37;44m8[0;1;36;47m@[0;36;47m8[0;1;34;47m8[0m
[0;1;37;47m8@@@@@@@@[0;5;37;47m8[0;1;37;47mX[0;5;37;47m8[0;1;37;47mX[0;5;37;47m8[0;1;37;47mX[0;5;37;47m8[0;1;37;47mSX[0;5;37;47m8[0;1;37;47mSXXX:[0;5;34;40m@[0;5;31;40m8[0;5;33;40m%[0;5;35;40mt[0;5;33;40mS[0;33;47m8[0;1;37;47m [0;5;37;47m88[0;5;1;37;43m8[0;5;1;35;47m8[0;5;37;43m8[0;5;1;37;45m8[0;5;1;31;43m8[0;1;37;47m [0;1;30;47m8[0;5;35;40mSS[0;36;47m@[0;1;34;47mS[0;1;36;47mX[0;36;47mX[0;1;34;47mX[0;36;47mX[0;1;34;47mXX[0;36;47mX[0;1;34;47mX[0;1;36;47m@[0;1;34;47mX[0;1;36;47m@[0;1;34;47mX[0;36;47mS[0;1;34;47m@[0;36;47mXX[0m
[0;1;37;47m88@[0;5;37;47m8[0;1;37;47mX[0;5;37;47m8[0;1;37;47mX[0;5;37;47m8[0;1;37;47mX[0;5;37;47m8[0;1;37;47mX[0;5;37;47m8[0;1;37;47mX[0;5;37;47m8[0;1;37;47mS[0;5;37;47m88[0;1;35;47mS[0;5;37;47m88[0;1;37;47m%[0;5;37;47m8[0;1;37;47m%[0;35;47m8[0;5;34;40mS[0;5;33;40m: [0;1;33;47m8[0;1;35;47mS[0;1;33;47mX[0;5;37;47m8[0;5;1;31;43m8[0;5;1;35;47m8[0;5;1;37;43m8[0;1;35;47m%[0;5;1;37;43m8[0;1;37;47m  [0;5;1;33;41m8[0;37;45m8[0;5;33;40m [0;5;34;40mS[0;1;30;47m8[0;36;47mX[0;1;34;47mX[0;1;36;47mS[0;1;34;47mS[0;1;36;47mS[0;36;47mX[0;1;36;47mS[0;1;34;47mX[0;1;36;47mS[0;35;47m@[0;1;36;47m@[0;35;47m@[0;1;36;47mX[0;1;34;47mX[0;1;37;47m [0;1;34;47m@[0;1;36;47mS[0m
[0;1;37;47m8[0;5;37;47m8[0;1;37;47m@[0;5;37;47m8[0;1;37;47m@[0;5;37;47m88[0;1;35;47mS[0;5;37;47m888[0;5;1;37;45m8[0;5;37;47m888[0;1;35;47mS[0;5;37;47m888[0;1;37;47mt[0;5;37;47m8[0;1;35;47mS[0;5;37;47m8[0;5;35;40mS[0;5;36;40mt[0;5;31;40mS[0;1;30;47m8[0;5;37;41m8[0;33;47m8[0;5;37;41m8[0;1;31;47m@[0;1;37;47m [0;1;33;47mS[0;5;37;45m8[0;5;1;31;43m8[0;5;37;45m8[0;5;1;33;41m8[0;1;35;47mS[0;1;33;47mX[0;5;35;40mt[0;5;33;40m [0;5;31;40mS[0;5;36;40m:[0;1;37;47m [0;1;36;47mS[0;1;35;47m@[0;1;36;47m8[0;1;35;47m8[0;1;36;47m8[0;1;35;47m8[0;1;36;47m8[0;35;47m@[0;1;36;47mX[0;1;34;47mX[0;1;36;47mS[0;1;35;47m@[0;1;36;47m8[0;1;34;47mX[0;1;37;47m [0;36;47mX[0m
[0;5;37;47m88888[0;1;37;47mX[0;5;37;47m88888888888888888[0;1;30;44m8[0;5;35;40m@[0;5;31;40mX[0;33;47m@[0;1;33;47mX[0;5;37;41m8[0;1;30;47m8[0;1;31;47m8[0;1;33;47mS[0;5;37;47m8[0;5;1;37;43m8[0;1;35;47m@[0;5;37;43m8[0;35;47m8[0;5;33;41mS[0;1;30;47m8[0;1;30;43m8[0;5;35;40m%@[0;5;36;40mt[0;1;37;47m [0;1;36;47mS[0;1;34;47mS[0;1;37;47m [0;1;36;47m@[0;35;47m@[0;1;36;47m@[0;1;35;47mX[0;1;36;47m@[0;1;35;47mX[0;1;36;47mS[0;35;47mS[0;1;36;47m@[0;35;47mX[0;1;36;47mS[0;1;35;47mS[0;1;36;47mX[0m
[0;5;37;47m8888888888888888888[0;5;1;35;47m8[0;5;37;47m888[0;5;35;40mS[0;5;30;40m8[0;5;33;40m%[0;35;47mX[0;1;33;47mS[0;1;37;47m  [0;5;37;47m8[0;5;1;33;41m8[0;5;1;35;47m8[0;5;1;31;43m8[0;1;37;47m [0;1;31;47mS[0;1;37;47m  [0;1;33;47mS[0;5;35;41mt[0;5;36;40m%[0;5;30;40m8[0;1;30;47m8[0;1;37;47m   [0;1;36;47m%[0;1;35;47mS[0;1;36;47mS[0;1;37;47m [0;1;36;47mX[0;1;35;47mS[0;1;36;47m@[0;1;37;47m [0;1;36;47m%[0;1;35;47mS[0;1;36;47mS[0;1;37;47m [0;1;36;47mX[0;1;35;47mS[0m
[0;5;37;47m88888[0;5;1;35;47m8[0;5;37;47m888[0;5;1;35;47m8[0;5;37;47m8888888[0;5;1;35;47m8[0;5;37;47m88888[0;1;37;47m [0;5;34;40mX[0;5;33;40m;[0;1;31;47m@[0;1;33;47m%[0;5;37;47m8[0;5;1;33;41m8[0;1;37;47m [0;5;37;47m8[0;5;37;43m8[0;5;1;37;45m8[0;5;37;43m8[0;5;37;45m8[0;5;1;37;43m@[0;1;35;47m%[0;5;37;43m8[0;1;30;45m8[0;5;33;40m [0;1;30;47m@[0;1;37;47m         [0;1;36;47mS[0;1;35;47mS[0;1;37;47m  [0;1;36;47mS[0;1;35;47m%[0;1;37;47m  [0;1;36;47mS[0m
[0;5;37;47m@8888888888888[0;5;1;35;47m8[0;5;37;47m888888888[0;1;30;47m%[0;5;35;40mS[0;33;47m@[0;5;37;41m8[0;1;31;47mS[0;1;37;47m [0;5;1;33;41m8[0;5;37;45m8[0;1;33;47m@[0;5;37;41m8[0;1;31;47m@[0;5;37;41m8[0;1;33;47mX[0;5;37;41m8[0;1;35;47mX[0;1;30;43m8[0;1;37;47m8 :[0;5;37;47m8[0;1;36;47m%[0;5;37;47m8[0;1;36;47mS[0;1;37;47m      [0;1;36;47mS[0;1;37;47m   [0;1;36;47m%[0;1;37;47m  [0m
[0;5;37;47mX@@@888@8888888888888888[0;1;37;47m.[0;1;30;47mS@[0;1;33;47mS[0;1;31;47mS[0;1;37;47m [0;1;31;47mX[0;1;33;47m@[0;5;37;41m8[0;35;47m%[0;1;33;47m@[0;1;31;47m8X[0;1;33;47mX[0;5;37;41m8[0;1;30;47m:[0;1;37;47m;:. [0;5;37;47m8[0;1;35;47m%[0;1;37;47m [0;5;37;47m8[0;1;37;47m [0;5;37;47m8[0;1;36;47mS[0;1;37;47m  [0;5;37;47m8[0;1;37;47m      [0m
[0;5;37;47mXXXXXX@X@@XX@@8888888888[0;1;37;47m.[0;35;47m8[0;1;30;47m%[0;1;31;47m8[0;1;33;47mX[0;1;31;47mS[0;5;37;47m8[0;1;37;47m [0;5;37;47m8[0;1;37;47m [0;1;31;47mX[0;1;37;47m [0;1;33;47mX[0;1;31;47m8[0;1;30;47m8[0;5;35;40m:[0;1;30;47m.@[0;1;37;47m   [0;5;37;47m8[0;1;37;47m [0;5;37;47m8[0;1;36;47mS[0;1;37;47m [0;5;37;47m8[0;1;37;47m [0;5;37;47m8[0;1;36;47mS[0;1;37;47m [0;5;37;47m8[0;1;37;47m [0;5;37;47m8[0;1;37;47m  [0m
[0;5;37;47mSXXXXXSXSXX[0;5;1;35;47mS[0;5;37;47m8X@@X@888[0;1;35;47m%[0;1;37;47m [0;1;35;47mX[0;1;30;47m8X%[0;5;35;40m [0;1;31;47m8[0;1;33;47mS[0;5;37;41m8[0;1;33;47mS[0;5;1;35;41m8[0;5;37;43m8[0;1;31;47mXXX[0;5;33;40m.[0;1;30;47m8[0;5;35;40m:[0;1;30;47m;:88[0;1;36;47mS[0;1;37;47m   [0;5;37;47m8[0;1;37;47m  [0;5;37;47m8[0;1;35;47m%[0;5;37;47m8[0;1;37;47m  [0;5;37;47m8[0;1;36;47mX[0;1;37;47m  [0m
[0;5;37;47mSSSSSSSSS[0;5;1;35;47mS[0;5;37;47m8@XX88[0;1;37;47m   [0;1;35;47mX[0;1;36;47mS[0;35;47mX[0;1;30;47m8888[0;5;37;40m8[0;1;37;47mS:[0;35;47m@[0;1;33;47mS[0;5;37;47m8[0;1;33;47mS[0;1;37;47m [0;1;33;47mS[0;5;37;41m8[0;1;30;47m8888[0;5;37;40m8[0;1;30;47m@8[0;5;35;40m::[0;1;30;47m8[0;1;37;47m  [0;1;35;47mS[0;1;37;47m  [0;5;37;47m8[0;1;37;47m  [0;5;37;47m8[0;1;36;47m%[0;1;37;47m [0;5;37;47m8[0;1;37;47m  [0m
[0;5;37;47m%SS%SSSSX@XXX8[0;1;34;47m8[0;1;35;47mS[0;36;47mX[0;1;35;47m@[0;36;47m8[0;1;30;47m888888[0;5;37;40mt[0;1;30;47m8[0;1;37;47mt[0;5;37;47mX8[0;1;37;47m [0;5;33;41m [0;1;30;47m8[0;5;35;41m%[0;1;30;47m88[0;1;37;47m [0;5;37;47m8[0;1;30;47m@8[0;5;37;40m88[0;1;30;47mX8888[0;36;47m8[0;1;30;47m8[0;1;36;47mS[0;35;47m8[0;36;47mX[0;1;37;47m [0;1;34;47m@[0;1;30;47m8[0;1;37;47m [0;5;37;47m8[0;1;37;47m [0;5;37;47m8[0;1;37;47m [0m
[0;5;37;47m%%%%%%%%S%SSX[0;1;35;47m%[0;36;47m8[0;1;30;47m88888[0;5;37;40m:[0;1;30;47m888[0;5;37;40m%[0;1;30;47m88[0;1;37;47m:[0;5;37;47mtSX[0;1;30;47m%[0;5;35;40m [0;1;30;47m%[0;1;37;47m:%[0;5;37;47m88[0;1;30;47m8[0;5;37;40m@[0;1;30;47m@@X%8[0;5;36;40m [0;1;30;47m88[0;35;47m@[0;1;30;47m8888[0;5;36;40m..[0;1;34;47mSSX[0;36;47mX[0;1;30;47m8[0m
[0;5;37;47m%%%%%%%%%S%S8[0;1;36;47mS[0;1;30;45m8[0;1;30;47m8[0;5;37;40mS[0;1;30;47m8[0;5;37;40m%[0;1;30;47m888[0;5;36;40m [0;1;30;47m8888[0;1;37;47m.[0;5;37;47m:[0;1;37;47mS[0;1;30;47m8[0;5;37;40m8[0;1;30;47m8[0;5;35;40m [0;1;37;47m.[0;5;37;47mXt8[0;1;30;47m8[0;5;37;40m8[0;1;30;47mXX8888888888[0;5;36;40m.[0;1;30;47m88[0;5;36;40m.[0;1;30;44m8[0;5;34;40m@[0;1;30;44m8[0;5;34;40m8[0m
[0;5;37;47mtt%t%%%%%%S%8[0;35;47m8[0;36;47m8[0;1;30;47m8[0;5;36;40m;[0;1;30;47m88[0;5;37;40m%[0;1;30;47m8[0;5;36;40m:[0;1;30;47m88[0;5;36;40m [0;1;30;47m88[0;1;37;47m [0;5;37;47m%tS[0;1;30;47m8[0;5;36;40m [0;1;30;47mS[0;5;37;47m.;X[0;1;37;47m [0;1;30;47m8[0;5;37;40m8[0;1;30;47m@8@[0;5;37;40mX[0;5;35;40m [0;1;30;47m888888[0;1;30;46m8[0;1;30;47mS8[0;5;36;40m.[0;1;30;47m8[0;5;34;40m8[0;1;30;40m8[0;5;30;40m@8[0m
[0;5;37;47mttt%t%t%%%%S[0;1;37;47m [0;1;30;47m888[0;5;37;40m%[0;1;30;47m8888888888[0;1;37;47m [0;5;37;47m .X[0;1;30;47m;8[0;1;37;47m.[0;5;37;47m.tS[0;1;30;47m88[0;5;37;40m8[0;1;30;47m@[0;5;37;40m8[0;1;30;47m8[0;5;37;40mS[0;1;30;47m88888[0;36;44m8[0;1;30;47m@@8[0;5;37;40m:[0;1;30;47m88[0;5;34;40m8[0;5;30;40m8[0;5;34;40m8[0;5;30;40m8[0m
