[0;1;37;47m8[0;5;37;47m8[0;1;37;47m8[0;5;37;47m8[0;1;37;47m8[0;5;37;47m8[0;1;37;47m8[0;5;37;47m8[0;1;37;47m8[0;5;37;47m8[0;1;37;47m8[0;5;37;47m8[0;1;37;47m8[0;5;37;47m8[0;1;37;47m8[0;5;37;47m88[0;1;37;47m8[0;5;37;47m88[0;1;37;47m8[0;5;37;47m88[0;1;37;47m8[0;5;37;47m88[0;1;37;47m8[0;5;37;47m88[0;1;37;47m8[0;5;37;47m8[0;1;37;47m8[0;5;37;47m8[0;1;37;47m8[0;5;37;47m8[0;1;37;47m8[0;5;37;47m8[0;1;37;47m8[0;5;37;47m8[0;1;37;47m8[0;5;37;47m8[0;1;37;47m8[0;5;37;47m8[0;1;37;47m8[0;5;37;47m8[0;1;37;47m8[0;5;37;47m8[0;1;37;47m8[0;5;37;47m8[0;1;37;47m8[0;5;37;47m8[0;1;37;47m8[0;5;37;47m8[0;1;37;47m8[0;5;37;47m88888@[0m
[0;5;37;47m8[0;1;37;47m8[0;5;37;47m8[0;1;37;47m@[0;5;37;47m8[0;1;37;47m8[0;5;37;47m8[0;1;37;47m8[0;5;37;47m8[0;1;37;47m@[0;5;37;47m8[0;1;37;47m@[0;5;37;47m888[0;1;37;47m@[0;5;37;47m88[0;1;37;47m8[0;5;37;47m88[0;1;37;47m@[0;5;37;47m8[0;1;37;47m8[0;5;37;47m8[0;1;37;47m8[0;5;37;47m8[0;1;37;47m8[0;5;37;47m8[0;1;37;47m8[0;5;37;47m8[0;1;37;47m8[0;5;37;47m8[0;1;37;47m8[0;5;37;47m8[0;1;37;47m@[0;5;37;47m8[0;1;37;47m8[0;5;37;47m8[0;1;37;47m8[0;5;37;47m8[0;1;37;47m8[0;5;37;47m8[0;1;37;47m8[0;5;37;47m8[0;1;37;47m8[0;5;37;47m8[0;1;37;47m8[0;5;37;47m8[0;1;37;47m8[0;5;37;47m8[0;1;37;47m8[0;5;37;47m88[0;1;37;47m8[0;5;37;47m8[0;1;37;47m8[0;5;37;47m8@%[0m
[0;5;37;47m8[0;1;37;47m8[0;5;37;47m88[0;1;37;47m@[0;5;37;47m88[0;1;37;47m@[0;5;37;47m88[0;1;37;47mX[0;5;37;47m8[0;1;37;47m@[0;5;37;47m8[0;1;37;47m@[0;5;37;47m8[0;1;37;47m@[0;5;37;47m8[0;1;37;47m@[0;5;37;47m8[0;1;37;47m@[0;5;37;47m8[0;1;37;47m@[0;5;37;47m8[0;1;37;47m@[0;5;37;47m8[0;1;37;47m@[0;5;37;47m8[0;1;37;47m@[0;5;37;47m8[0;1;37;47m@[0;5;37;47m8[0;1;37;47m@[0;5;37;47m8[0;1;37;47m@[0;5;37;47m8[0;1;37;47m@[0;5;37;47m8[0;1;37;47m@[0;5;37;47m8[0;1;37;47m@[0;5;37;47m8[0;1;37;47m@[0;5;37;47m8[0;1;37;47m88[0;5;37;47m8[0;1;37;47m88[0;5;37;47m8[0;1;37;47m8[0;5;37;47m8[0;1;37;47m@[0;5;37;47m8888X%t[0m
[0;5;37;47m@8[0;1;37;47m@[0;5;37;47m88[0;1;37;47m@[0;5;37;47m88[0;1;37;47mX[0;5;37;47m888[0;1;37;47m@[0;5;37;47m88[0;1;37;47m@[0;5;37;47m8[0;1;37;47m@[0;5;37;47m888[0;1;37;47mX[0;5;37;47m88[0;1;37;47m@[0;5;37;47m88[0;1;37;47mX[0;5;37;47m88[0;1;37;47m@[0;5;37;47m8[0;1;37;47m@[0;5;37;47m8[0;1;37;47m@[0;5;37;47m8[0;1;37;47m@[0;5;37;47m8[0;1;37;47m@[0;5;37;47m8[0;1;37;47m@[0;5;37;47m8[0;1;37;47m@[0;5;37;47m8[0;1;37;47m@[0;5;37;47m8[0;1;37;47m@[0;5;37;47m8[0;1;37;47m88[0;5;37;47m8[0;1;37;47m@[0;5;37;47m8[0;1;37;47m@[0;5;37;47m88X%%t[0m
[0;5;37;47mSSX8888[0;1;37;47mX[0;5;37;47m88[0;1;37;47mS[0;5;37;47m88[0;1;37;47mX[0;5;37;47m88[0;1;37;47m@[0;5;37;47m8[0;1;37;47mX[0;5;37;47m8[0;1;37;47mX[0;5;37;47m8[0;1;37;47mX[0;5;37;47m88[0;1;37;47mX[0;5;37;47m8[0;1;37;47m@[0;5;37;47m8[0;1;37;47mX[0;5;37;47m8[0;1;37;47m@[0;5;37;47m8[0;1;37;47m@[0;5;37;47m8[0;1;37;47mX[0;5;37;47m8[0;1;37;47m@[0;5;37;47m8[0;1;33;47mS[0;5;37;47m88[0;1;37;47mX[0;5;37;47m8[0;1;37;47m@8[0;5;37;47m8[0;1;33;47mS[0;5;37;47m88[0;1;37;47m@[0;5;37;47m8888S%%t%[0m
[0;5;37;47m%%SSS@@8888888[0;1;33;47mS[0;5;37;47m88[0;1;37;47mX[0;1;33;47mS[0;1;37;47m [0;1;33;47m@[0;1;37;47m ;SXXX[0;1;33;47mS[0;5;37;47m8[0;1;37;47m%X[0;1;33;47mS[0;5;37;47m88[0;1;33;47mS[0;5;37;47m88[0;5;37;43m8[0;5;37;47m888[0;1;37;47mS[0;5;37;47m8[0;5;37;43m8[0;5;37;47m88888[0;1;33;47mS[0;5;37;47m8888S%%%SS[0m
[0;5;37;47mXSS%%%SS@[0;5;1;33;47m8[0;5;37;47m88[0;5;1;33;47m8[0;1;37;47m [0;5;37;47m8[0;1;37;47m [0;5;37;47m8[0;1;33;47mS[0;1;31;47m8[0;5;35;40m;[0;5;31;40mX[0;5;33;40m@S[0;1;30;43m8[0;33;47m8[0;1;30;43m8[0;5;37;40m:[0;33;47m8[0;37;43m8[0;1;30;47m8[0;33;47m8[0;1;30;47m8[0;1;30;43m8[0;1;30;47m8[0;1;33;47mS[0;1;37;47m [0;5;37;47m888888888[0;1;37;47m;[0;5;37;47m8[0;1;37;47mS[0;5;37;47m8888[0;5;1;33;47m8[0;5;37;47m8%%SXSS[0m
[0;5;37;47mXXXXXS%%X8888[0;5;37;45m8[0;5;1;33;41m8[0;5;37;45m8[0;5;37;41m8[0;5;37;45m8[0;33;47m8[0;1;30;41m8[0;5;35;40mX[0;5;31;40m8[0;5;35;40m@[0;5;31;40mX[0;5;35;40m8[0;5;31;40m@XSX88@[0;5;35;40mS[0;5;31;40mS[0;35;47m8[0;1;31;47m@[0;1;37;47m [0;5;37;47m8[0;1;37;47m [0;5;37;47m8[0;1;37;47m;[0;5;1;33;47m8[0;1;37;47m [0;5;37;47m888[0;5;1;37;43m8[0;5;37;47m888888%SSX[0;5;1;33;47m@[0;5;37;47m8X[0m
[0;5;37;47mXSXXSX[0;5;1;33;47m@[0;5;37;47m8SS%SX[0;5;37;41m8[0;1;35;47m@[0;5;37;41m8[0;1;31;47m@[0;5;31;41m.[0;5;35;40m@[0;5;30;40m8[0;1;30;40m88888[0;5;30;40m88[0;1;30;40m8[0;5;30;40m8@@X[0;5;31;40m@X[0;1;30;47m8[0;1;31;47m8[0;5;37;45m8[0;5;37;41m8[0;1;37;47m [0;5;37;47m88888[0;1;37;47m:[0;5;37;47m888888S%SXS@@XX[0m
[0;5;37;47mXSXXS@8XSXXX@[0;5;37;41m8[0;5;35;41m.[0;35;47m8[0;5;35;41m%[0;5;35;40mt[0;5;31;40m8[0;1;30;40m8SS@@XX@@@@@@@@[0;1;31;45m8[0;1;31;47m@[0;5;37;41m88[0;5;1;35;41m8[0;5;37;47mS888888888@%%SXX[0;5;1;33;47m@[0;5;37;47m8X8[0;1;33;47m%[0m
[0;1;37;47m8[0;5;37;47m8XXXSXXXXSX8[0;5;35;41m.[0;35;47m8[0;5;31;41m8[0;1;30;45m8[0;35;41m8[0;5;30;40m8[0;31;40mS[0;1;30;40mX[0;31;40m;[0;1;30;40mS[0;34;40mt[0;1;30;40mX[0;34;40mt[0;1;30;40mX[0;34;40mS[0;1;30;40m@[0;31;40mt[0;1;30;40mX[0;34;40mt[0;1;30;40m@8[0;5;31;40mX[0;5;35;41mX[0;37;45m8[0;5;35;41m:[0;1;37;47m [0;5;37;47m8[0;1;37;47mt[0;5;37;47m8[0;5;37;43m8[0;5;37;47m8[0;1;37;47m .[0;1;33;47mX[0;1;37;47m [0;5;37;47m88@XX[0;5;1;33;47m@[0;5;37;47m88@8[0;1;33;47m@[0;1;37;47m;[0m
[0;1;37;47mSSS;[0;1;33;47mS[0;1;35;47mS[0;5;1;31;43m8[0;1;35;47m@[0;5;37;41m8[0;1;33;47mX[0;1;37;47m [0;5;37;47m8[0;1;37;47m [0;1;31;45m8[0;1;30;45m88[0;5;31;41m8[0;5;33;40mS[0;31;40m%[0;1;30;40m@[0;34;40mt[0;31;40mt[0;1;30;40mX[0;31;40mt[0;1;30;40mXX[0;31;40mt[0;1;30;40m8[0;34;40mt[0;1;30;40mS[0;31;40m%[0;1;30;40m@[0;31;40mt[0;1;30;40m@[0;1;30;41m8[0;31;45m8[0;5;33;41m8[0;1;30;45m8[0;1;31;47m8[0;5;37;47m88[0;1;37;47m  [0;5;35;41mt[0;1;30;47m8[0;5;35;41m [0;1;35;47m8[0;5;37;41m8[0;5;1;35;41mX[0;5;37;41m88[0;5;37;47m88888[0;1;33;47m%[0;1;37;47m ;[0;5;37;47m8[0m
[0;1;37;47m% [0;1;31;47m@[0;5;1;35;41m@[0;5;37;41m8[0;5;1;35;41m8[0;35;47m8[0;5;35;41m [0;35;47m@[0;5;37;41m8[0;5;35;41mX[0;5;33;40mX[0;5;35;40m.[0;5;35;41mt[0;5;33;40m.[0;5;31;41m@[0;5;35;40mX[0;30;41m8[0;34;40mX[0;1;30;40mS[0;34;40m;[0;32;40m;[0;34;40mtt[0;31;40m;[0;34;40mt[0;1;30;40m8@[0;31;40m;[0;34;40mt[0;32;40m;[0;34;40m%[0;31;40mS[0;1;30;40mX[0;1;30;41m8[0;5;31;40m@[0;1;30;45m8[0;5;33;41mS[0;1;30;47m8[0;33;47m@[0;1;30;43m8[0;35;41m8[0;5;31;40m@[0;1;30;47m8[0;5;37;41m8[0;35;47m8[0;5;31;41m [0;1;31;47m8[0;5;35;41m;[0;35;47m8[0;5;31;41m [0;5;35;41m [0;5;37;41m8[0;1;37;47m [0;5;37;47m8[0;1;33;47mX[0;1;37;47m.[0;5;37;47m88[0;1;30;47m@[0m
[0;1;30;47mt[0;5;35;41m [0;35;47m8[0;5;35;41mt[0;35;47m8[0;5;35;41mS[0;35;47m8[0;5;35;41m%[0;35;47m8[0;5;35;41m%[0;1;30;47mX[0;1;31;45m8[0;5;31;40mX[0;5;35;40mX[0;35;41mX[0;1;30;41m8[0;30;41m8[0;34;40mX[0;31;40mt[0;32;40m;[0;1;30;40m@@[0;31;40m%[0;1;30;40m8[0;34;40mt[0;1;30;40mXX[0;5;30;40m@[0;1;30;40mS@[0;31;40m%[0;34;40m%[0;1;30;40m@[0;31;40m;[0;5;31;40m8[0;31;40m8[0;5;31;40m@[0;1;30;45m8[0;1;30;41m8[0;5;35;40mS[0;5;31;40m@8[0;35;41m8[0;5;35;41mS[0;37;45m8[0;5;31;41mt[0;1;30;47m8[0;5;35;41m@[0;5;37;40m:[0;5;35;41m.[0;35;47m8[0;1;31;45m8[0;5;35;41mt[0;1;31;47m8[0;1;35;47mS[0;1;37;47m.[0;5;37;47m8[0;1;37;47m [0;1;30;47m88[0m
[0;1;30;45m8[0;35;47m8[0;5;35;41m%[0;1;30;47m8[0;1;31;45m8[0;1;30;47m8[0;5;35;41m%[0;35;47m8[0;5;35;41m@[0;1;30;47m8[0;1;31;45m8[0;1;30;45m8[0;1;30;41m@[0;31;40m8[0;1;30;40m8[0;31;40mt[0;34;40mS[0;1;30;40mX[0;34;40mt[0;1;30;40mX[0;31;40m%[0;1;30;40m@[0;5;34;40m@[0;5;30;40m8[0;5;31;40mS[0;32;40m%[0;5;30;40mS[0;5;37;40mSX[0;5;35;40m:[0;5;30;40m8@[0;5;31;40mS[0;1;30;40m8[0;5;37;40mSSX[0;5;33;40mt[0;5;35;40m%[0;1;30;41m8[0;1;30;40m8[0;30;41m8[0;5;35;40mt[0;1;30;45m8[0;5;33;41m%[0;1;30;45m8[0;5;35;41mS[0;5;35;40m [0;5;35;41m.[0;1;30;47m8[0;5;31;41m@[0;5;37;40mS[0;1;31;45m8[0;5;35;41m@[0;1;30;47mX[0;5;37;47m8[0;1;37;47m [0;1;30;47m88[0;5;37;47m8[0m
[0;1;30;45m8[0;5;35;41m%[0;1;30;47m8[0;1;31;45m8[0;35;47m8[0;5;35;41mS[0;1;30;47m8[0;1;31;45m8[0;1;30;47m8[0;5;35;41mX[0;5;37;40m%[0;35;41mX[0;5;30;40m8[0;31;40m%[0;1;30;40mX@S[0;31;40m;[0;1;30;40m8X[0;34;40mS[0;5;33;40mt[0;1;30;47m8. t[0;1;37;47m %SX%;ttXX@%[0;1;30;47m8[0;5;33;40m [0;5;37;40mX[0;5;33;40m t[0;5;35;41m8[0;1;30;47m8[0;5;35;41m@[0;1;30;47m8[0;5;35;41m%[0;1;30;47m8[0;5;35;41m8[0;1;30;45m8[0;5;31;41m%[0;5;35;40m [0;5;35;41mt[0;35;47m@[0;1;30;47m88[0;1;37;47m.[0;5;37;47m88[0m
[0;1;30;45m8[0;35;47m8[0;5;35;41mS[0;1;30;47m8[0;5;35;41mS[0;1;30;47m8[0;5;35;41mX[0;1;30;45m8[0;5;35;41mX[0;1;30;47m8[0;1;31;45m8[0;1;30;41m8[0;34;40m;[0;1;30;40mX8[0;5;30;40m8[0;5;35;40mt[0;5;33;40m [0;5;35;40m [0;5;33;40mt[0;5;31;40mX[0;5;35;40m [0;1;37;47mtSSXX@X@@888[0;5;37;47m8[0;1;37;47mX[0;5;37;47m88888[0;1;37;47m%[0;1;30;47m8[0;5;33;40m%[0;5;35;40m.[0;1;30;47m8[0;5;35;41mS[0;1;30;47m8[0;5;35;41m8[0;5;33;40m:[0;5;35;41mS[0;5;35;40m.[0;5;35;41m;[0;1;30;47m8[0;35;47m8[0;1;33;47m%[0;5;37;47m888[0;1;37;47m:[0m
[0;1;30;45m8[0;5;35;41mS[0;1;30;47m8[0;5;35;41mX[0;1;30;45m8[0;1;31;45m8[0;1;30;47m8[0;5;35;41mX[0;1;30;47m8[0;1;30;45m8[0;5;31;40m8[0;1;30;40m8[0;5;31;40mX[0;5;34;40mS[0;5;33;40m:[0;5;37;40mS[0;1;30;47m8t[0;1;37;47m    t%S%%%SXX[0;5;37;47m8[0;1;37;47mX@XXSXXXX[0;5;37;47m8[0;1;37;47m;[0;5;37;47m8[0;1;37;47m.[0;5;37;47m8[0;1;37;47m [0;1;30;47mX[0;33;47mX[0;35;47m@[0;5;33;41mS[0;35;47m8[0;1;30;45m8[0;5;33;41mS[0;1;37;47m:.[0;5;37;47m8[0;1;37;47m; [0;1;30;47m8[0m
[0;1;30;47mS[0;37;45m8[0;5;35;41mX[0;1;30;47m8[0;1;31;45m8[0;1;30;47m8[0;5;35;41mX[0;1;30;47m8[0;1;30;45m8[0;33;41m8[0;5;35;40m%[0;5;33;40m; [0;1;30;47mXt[0;1;37;47m:t%%%%S;:;[0;1;33;47mS[0;1;37;47m:;[0;1;33;47mS[0;5;37;47m8[0;1;33;47mS[0;1;37;47m%[0;5;37;47m8[0;1;33;47mX[0;1;37;47mt[0;1;33;47mS[0;1;37;47mt[0;1;33;47mS[0;5;37;47m8[0;1;33;47mS[0;5;37;47m8[0;1;37;47m:[0;5;37;47m888[0;1;37;47m:[0;5;37;47m8[0;1;37;47m  [0;33;47m@[0;37;45m8[0;33;41m8[0;5;35;40mXX[0;1;31;45m8[0;33;47m8[0;5;35;41m [0;1;35;47m%[0;33;47m@[0;1;37;47m.[0m
[0;1;30;47m;[0;5;33;40mt[0;5;35;40m@@[0;5;33;40m;[0;1;31;45m8[0;1;30;47m8[0;5;35;40m.[0;1;30;47m88X;[0;1;37;47m:t%%;: .. [0;1;33;47mS[0;1;30;47mS[0;1;37;47m   ;::[0;5;37;47m8[0;1;37;47m;t[0;5;37;47m8[0;1;33;47mS[0;1;37;47m   [0;1;33;47mS[0;1;37;47m  [0;5;37;47m8[0;1;33;47mS[0;5;37;47m8[0;1;37;47m:[0;5;37;47m88[0;1;37;47m. [0;1;33;47mS[0;1;30;47m88[0;5;33;41mX[0;1;30;47m8[0;5;35;41m8[0;1;30;45m8[0;5;37;41m8[0;5;35;41mS;[0;35;47m8[0m
[0;5;35;40m8[0;1;30;41m@X[0;30;41m8[0;5;31;40m8[0;5;30;40m8[0;5;31;40m8[0;5;33;40m [0;1;30;47m8[0;1;37;47m  %%t: [0;1;33;47mS[0;1;30;47m8[0;33;47m8[0;1;30;47m8[0;33;47m8[0;1;30;47m88[0;33;47mS[0;1;33;47m%[0;1;37;47m  :[0;5;37;47m8[0;1;33;47m%[0;5;37;47m88[0;5;37;43m8[0;1;37;47m  [0;1;33;47m%%[0;1;35;47m%[0;1;33;47mX[0;1;35;47mS[0;1;33;47m8[0;1;31;47mX[0;1;37;47m [0;1;33;47m@[0;1;37;47m [0;1;33;47mX[0;1;37;47m [0;5;37;47m88[0;1;37;47m [0;5;37;47m88[0;1;37;47m [0;1;30;47mX[0;33;47m@[0;5;35;41m%[0;1;30;47m8[0;1;30;45m8[0;5;35;41m%[0;1;30;45m8[0m
[0;1;30;45m88[0;5;33;40mt[0;1;30;45m8[0;1;30;47m8[0;5;37;40mX[0;1;30;47m8S[0;1;37;47m  ::. [0;1;33;47mS[0;35;47m8[0;5;33;40m:[0;1;30;45m8[0;1;30;41m8@88[0;5;31;40m8[0;5;35;40m.[0;1;35;47m%[0;1;37;47m [0;5;37;47m8888888[0;1;37;47m   [0;1;31;47mX[0;33;47m@[0;1;30;45m8[0;1;30;43m8[0;35;41m8[0;5;33;40mX[0;1;30;41m8[0;35;47m8[0;1;31;47m8[0;1;37;47m [0;1;33;47mS[0;1;37;47m  [0;5;37;47m8[0;1;37;47m   [0;1;33;47mS[0;35;47m8[0;1;30;45m8[0;5;33;41mt[0;1;30;47m8[0;5;31;41mX[0;5;35;40m [0m
[0;1;30;45m8[0;1;31;47m8[0;1;30;47m8[0;1;37;47m .[0;5;37;47m8[0;1;37;47m:[0;5;37;47m888[0;1;37;47m:[0;5;37;47m8[0;1;37;47m [0;1;33;47mX[0;1;30;45m8[0;1;30;43m8[0;5;35;40m;[0;1;30;41m8[0;1;30;40mX8[0;31;40m%[0;1;30;40m8[0;5;35;40m@[0;5;33;40m%[0;1;37;47m.[0;5;37;47m88[0;1;37;47m.[0;5;37;47m8[0;1;37;47m [0;5;37;47m8[0;1;33;47mS[0;5;37;47m8888[0;1;37;47m [0;33;41m8[0;1;30;41m8[0;31;40mX[0;5;30;40m8[0;31;40m8[0;5;31;40mX[0;5;33;40m@;[0;1;31;47m8[0;1;30;47m8[0;1;33;47mX[0;1;35;47m%[0;1;33;47mX[0;5;37;47m88[0;1;37;47m [0;5;37;47m8[0;1;37;47m .[0;33;47mS[0;1;31;47m8[0;1;30;45m8[0;5;33;41m;[0m
[0;1;30;47mt[0;1;37;47m;[0;5;37;47m88888888888[0;1;37;47m [0;33;47mS[0;1;30;45m8[0;5;33;40m@[0;31;40m@%[0;34;40m%[0;1;30;40m8[0;5;30;40m8[0;5;35;40m [0;1;37;47mS[0;5;37;47m88[0;1;37;47m  [0;5;37;43m8[0;1;35;47mX[0;5;1;31;43m8[0;1;35;47mS[0;1;33;47mX[0;1;35;47mS[0;5;37;43m8[0;5;37;47m88[0;1;30;47m8[0;5;31;40m@[0;1;30;40mX[0;31;40m%[0;1;30;40mS[0;31;40mt[0;5;31;40mX[0;5;35;40m:[0;5;33;40m.[0;1;37;47m  [0;5;37;47m88888[0;1;37;47m [0;5;37;47m888[0;1;37;47m [0;1;33;47mX[0;1;30;45m8[0m
[0;1;37;47mX[0;5;37;47m888888[0;1;37;47m:[0;5;37;47m88888888[0;1;37;47m::  %[0;5;37;47m8888[0;1;37;47m [0;1;33;47m@[0;5;35;41m [0;35;47m@[0;1;31;47m@[0;35;47m@[0;1;31;47m8[0;5;33;41m%[0;1;30;47m8[0;1;31;47m8[0;1;37;47m [0;5;37;47m888[0;1;37;47m% [0;1;30;47mtS;[0;1;37;47mt[0;5;37;47m88888[0;5;37;43m8[0;5;37;47m8[0;1;37;47m [0;5;1;33;47m8[0;5;37;47m8[0;1;37;47m [0;5;37;47m8[0;1;37;47m  [0;1;31;47mX[0m
[0;1;37;47mXS[0;5;37;47m8[0;1;37;47m:[0;5;37;47m8[0;1;37;47m:[0;5;37;47m8888[0;1;33;47m%[0;5;37;47m88888888888888[0;1;31;47mX[0;1;30;47m8[0;5;35;40m%[0;1;30;41mS[0;5;33;40m:[0;5;33;41mt[0;1;30;47m8[0;1;30;41m@8[0;5;35;40m.[0;1;31;47mX[0;1;37;47m;[0;5;37;47m8888@888888[0;5;1;37;43m8[0;5;37;47m8[0;1;37;47m [0;5;37;47m8[0;1;37;47m  [0;5;37;47m8[0;1;33;47mS[0;5;37;47m88[0;1;37;47m [0;5;37;47m8[0m
[0;5;37;47m8888888[0;5;1;37;43m8[0;1;37;47m [0;5;37;47m888[0;5;37;43m8[0;5;37;47m88[0;1;37;47m:[0;5;37;47m8888888[0;1;37;47mt[0;5;37;47m8[0;1;37;47mt::[0;33;47mS[0;35;47m8[0;5;33;40mS[0;1;30;45m8[0;1;30;47m;[0;1;37;47m:%[0;5;37;47m8[0;1;37;47m%[0;5;37;47m88[0;1;37;47mX[0;5;37;47m8[0;1;37;47m8@@S%[0;5;1;33;47m8[0;1;37;47m [0;5;37;47m8[0;1;37;47m [0;5;37;47m8[0;1;31;47mX[0;5;37;47m8[0;1;33;47m%[0;5;37;47m8[0;1;37;47m  [0;5;37;47m88[0;1;37;47m:[0m
[0;5;37;47m8[0;1;37;47mXS[0;5;37;47m8[0;1;33;47mS[0;5;37;47m8[0;1;37;47m [0;5;37;47m88[0;1;37;47m [0;5;1;33;47m8[0;1;37;47m [0;5;37;47m8[0;1;37;47m [0;5;37;47m88[0;1;37;47m:[0;5;37;47m8[0;1;37;47m.;....:; [0;1;33;47mS[0;35;47mS[0;33;47m8[0;5;35;41m@[0;1;30;47m:[0;33;47m@[0;1;37;47m  [0;1;33;47mS[0;1;37;47m [0;1;33;47m%[0;1;37;47m ;[0;1;33;47mS[0;1;37;47m;%S[0;5;1;33;47m8[0;1;37;47m  [0;5;37;47m8[0;1;37;47m  [0;5;37;47m8[0;1;37;47m [0;5;37;47m8[0;1;37;47m  [0;5;1;33;47m8[0;1;37;47m [0;5;37;47m8[0;5;37;43m8[0;5;37;47m8[0m
[0;1;37;47m8[0;5;37;47m88[0;1;37;47mt[0;5;37;47m888[0;1;33;47mS[0;5;37;47m8[0;1;37;47m  [0;5;37;47m8[0;1;37;47m [0;5;37;47m8[0;1;37;47m [0;5;37;47m8[0;1;33;47m%[0;1;37;47m.[0;5;37;47m8[0;1;37;47m.tt;[0;1;33;47mS[0;1;37;47m [0;1;33;47m@[0;1;31;47m@[0;1;30;47m8[0;33;47m8[0;1;30;47m8[0;5;33;40mt[0;33;47m8[0;1;30;47m8[0;33;47m88[0;35;47m@[0;1;33;47mX[0;1;37;47m [0;1;33;47mS[0;1;37;47m  :[0;1;33;47mS[0;1;37;47m. [0;5;37;47m8[0;1;37;47m  [0;5;37;47m8[0;5;37;43m8[0;1;37;47m  [0;5;1;37;43m8[0;5;37;47m8[0;1;37;47m [0;5;37;47m88[0;1;37;47m [0;5;37;47m88[0m
[0;1;37;47m8XX[0;5;37;47m8[0;5;37;43m8[0;1;37;47m  [0;5;37;47m8[0;1;33;47m@[0;1;37;47m [0;5;37;47m8[0;1;33;47m%[0;5;37;47m8[0;1;37;47m [0;5;37;47m8[0;1;33;47mS[0;5;37;47m8[0;1;33;47mSS%[0;1;31;47mX[0;1;33;47mX[0;33;47mS[0;1;31;47mS[0;33;47mX[0;35;47m8[0;33;47m@[0;1;30;47m8[0;5;35;41m@[0;5;33;40m:[0;5;31;40mS[0;5;35;40m;[0;5;33;41mX[0;1;30;47m@8[0;33;47m8[0;35;47m8[0;33;47m@[0;1;31;47mS[0;1;37;47m [0;1;33;47mS[0;1;37;47m  [0;1;33;47m%[0;1;37;47m [0;5;37;47m8[0;1;33;47mS[0;5;37;47m8[0;1;33;47mS[0;1;35;47mS[0;1;37;47m  [0;1;35;47m%[0;1;37;47m [0;5;37;47m8[0;1;33;47mS[0;5;37;47m88[0;1;37;47m [0;5;37;47m8[0m
[0;1;37;47mXX%.[0;5;37;47m8[0;1;37;47m [0;1;33;47mS[0;1;31;47mX[0;1;37;47m  [0;1;31;47mS[0;5;37;47m8[0;1;33;47m%[0;1;37;47m [0;1;33;47m%[0;1;35;47mS[0;1;33;47mS[0;1;35;47mS[0;1;37;47m   [0;1;30;47m8[0;1;37;47m [0;33;47m@[0;35;47m8[0;33;47m8[0;5;35;40m:[0;33;47m8[0;5;33;40m.t[0;5;35;41m8[0;5;33;40m:[0;5;37;40m%[0;5;35;40m [0;1;30;47m8[0;33;47m8[0;35;47m8[0;33;47m@[0;1;37;47m [0;1;33;47mS[0;1;35;47mS[0;1;33;47mX[0;1;37;47m  [0;1;33;47mX[0;1;35;47mS[0;1;33;47mS[0;1;37;47m   [0;1;33;47m%[0;1;37;47m [0;5;1;37;43m8[0;1;37;47m  [0;5;37;47m8[0;1;33;47mX[0;5;37;47m88[0;1;37;47m [0m
[0;1;37;47mS%t[0;1;33;47mS[0;1;37;47m             [0;1;33;47mS[0;1;35;47mX[0;33;47m8S[0;1;31;47mX[0;1;30;47m8[0;33;47m8[0;5;33;40m [0;5;33;41mX[0;5;37;40mS[0;5;35;40m%[0;1;30;43m8[0;5;35;40m.[0;1;30;47m8[0;5;33;40m%:[0;1;31;43m8[0;1;30;45m8[0;1;30;43m8[0;1;30;47m8[0;33;47m8[0;35;47m8[0;33;47m8[0;1;30;47m8[0;1;31;47mX[0;1;33;47mS[0;1;35;47mX[0;1;33;47mX[0;1;37;47m [0;1;31;47mS[0;1;37;47m   [0;1;33;47m%[0;1;35;47mS[0;1;33;47mS[0;1;35;47mS[0;1;33;47mS[0;1;37;47m [0;5;37;47m8[0;5;37;41m8[0;5;37;47m8[0;1;37;47m:[0m
[0;1;37;47m;.[0;1;33;47mS[0;1;37;47m  [0;5;37;47m8[0;1;33;47m@[0;1;35;47m%[0;5;37;43m8[0;1;37;47m  [0;1;33;47mS[0;1;37;47m  [0;1;33;47mS[0;1;37;47m [0;1;31;47mX[0;33;47mX@[0;35;47mX[0;33;47m@[0;1;30;47m8[0;5;37;41m8[0;5;37;40m;[0;5;33;40m [0;5;35;40m [0;5;33;40m.[0;33;47m8[0;37;45m8[0;37;43m8[0;5;37;40m:[0;33;47m8[0;35;47m8[0;1;30;47m8[0;5;33;40m  [0;5;33;41m8[0;5;37;40mS[0;1;30;47m8[0;33;47m8[0;1;30;47m88[0;33;47mXS[0;1;35;47mS[0;1;33;47m@[0;1;35;47m%[0;1;33;47m8[0;1;31;47mS[0;1;37;47m [0;1;33;47m%S[0;1;31;47m8[0;1;33;47mS[0;1;35;47mS[0;1;33;47m@[0;1;35;47m%[0;1;37;47m;[0;1;33;47mS[0;5;37;47m8[0m
[0;1;37;47mt;  [0;5;37;43m8[0;1;31;47m@[0;1;37;47m [0;1;31;47mX[0;1;37;47m [0;1;31;47mX[0;1;37;47m [0;1;33;47m%[0;1;31;47mS[0;1;37;47m [0;1;31;47mX[0;1;33;47mS[0;35;47mX[0;1;33;47mX[0;35;47m@[0;33;47m8[0;35;47m8[0;37;43m8[0;5;37;40mt[0;1;30;43m8[0;35;47m8[0;1;30;43m8[0;35;47m8[0;33;47m8[0;1;30;47m8[0;33;47m8[0;35;47m8[0;33;47m8[0;1;30;47m8[0;33;47m88[0;1;30;47m8[0;5;35;40m [0;5;33;40m.[0;5;33;41mX[0;1;30;47m@8[0;1;31;47m@[0;1;30;47m8[0;33;47m@X[0;35;47mS[0;1;33;47mX[0;1;35;47mS[0;1;33;47mX[0;1;31;47mS[0;1;35;47m%[0;1;33;47mX[0;35;47m@[0;33;47m8[0;1;31;47m8[0;33;47m@[0;1;33;47m8[0;1;31;47mS[0;1;37;47m [0;1;33;47mS[0m
[0;1;37;47m [0;1;33;47mSS[0;1;31;47mS[0;1;37;47m [0;1;31;47mX[0;1;33;47m@[0;35;47mX[0;33;47m8[0;1;33;47mX[0;1;31;47mX[0;1;37;47m [0;1;33;47mS[0;1;31;47m@[0;1;30;47m8[0;1;31;47mX[0;1;30;47m8[0;33;47m@[0;1;30;47m8[0;1;31;47m8[0;5;33;40m.[0;1;30;47m8[0;5;33;40m.[0;1;31;47m8[0;5;37;40m%[0;33;47m8[0;1;30;47m8[0;33;47m8[0;35;47m8[0;1;30;43m8[0;35;47m8[0;37;43m8[0;37;45m8[0;33;47m8[0;37;45m8[0;37;43m8[0;1;30;47m888[0;1;30;43m8[0;1;30;47m8[0;33;47m8[0;35;47m@[0;33;47m8[0;1;30;47m8[0;33;47m@[0;35;47mS[0;1;33;47mX[0;35;47mS[0;1;33;47mX[0;33;47mX[0;35;47mS[0;1;33;47mX[0;35;47mS[0;1;33;47mX[0;35;47m8[0;33;47m8@[0;1;31;47m@[0;1;30;47m8[0m
